-1.466906189918518
1.466906189918518
4.4895758628845215
-0.8720804452896118
2.5120112895965576
-8.416741371154785
-2.083327531814575
9.34803295135498
1.8747859001159668
3.939380168914795
1.266735553741455
5.100381374359131
0.6769236922264099
-1.0685755014419556
6.194471836090088
3.68157958984375
-7.70993185043335
1.6694568395614624
0.8720804452896118
-4.786047458648682
5.798709869384766
-2.5120112895965576
0.48279309272766113
7.70993185043335
-2.9600331783294678
5.436286926269531
4.786047458648682
3.433215379714966
0.2893878221511841
4.20810604095459
-0.09641475230455399
7.13038444519043
-3.939380168914795
-1.8747859001159668
0.09641475230455399
-0.2893878221511841
2.9600331783294678
-1.6694568395614624
-7.13038444519043
-3.68157958984375
-0.48279309272766113
-0.6769236922264099
2.083327531814575
6.633387565612793
3.1930480003356934
-2.7332780361175537
10.800222396850586
-2.2955591678619385
-1.266735553741455
-6.194471836090088
2.7332780361175537
-5.798709869384766
8.416741371154785
-9.34803295135498
-3.1930480003356934
-10.800222396850586
-3.433215379714966
-6.633387565612793
-4.4895758628845215
-5.100381374359131
-5.436286926269531
-4.20810604095459
2.2955591678619385
1.0685755014419556
