0.8720804452896118
-10.800222396850586
3.939380168914795
7.13038444519043
-1.6694568395614624
4.4895758628845215
0.6769236922264099
-0.6769236922264099
4.786047458648682
0.09641475230455399
-9.34803295135498
-0.2893878221511841
2.9600331783294678
-0.8720804452896118
-5.100381374359131
-4.786047458648682
-3.939380168914795
7.70993185043335
-0.48279309272766113
5.100381374359131
-2.9600331783294678
9.34803295135498
2.5120112895965576
6.194471836090088
-4.20810604095459
-3.68157958984375
8.416741371154785
-3.1930480003356934
-8.416741371154785
-1.266735553741455
-2.5120112895965576
3.433215379714966
-6.194471836090088
5.436286926269531
-1.466906189918518
-6.633387565612793
2.083327531814575
0.2893878221511841
1.8747859001159668
6.633387565612793
-7.13038444519043
1.266735553741455
-7.70993185043335
1.466906189918518
1.0685755014419556
-2.2955591678619385
-1.0685755014419556
4.20810604095459
3.1930480003356934
-2.083327531814575
5.798709869384766
-0.09641475230455399
3.68157958984375
0.48279309272766113
-5.798709869384766
10.800222396850586
-4.4895758628845215
-2.7332780361175537
2.2955591678619385
-1.8747859001159668
-5.436286926269531
2.7332780361175537
-3.433215379714966
1.6694568395614624
