2.7332780361175537
-0.48279309272766113
2.2955591678619385
8.416741371154785
0.48279309272766113
0.2893878221511841
-0.09641475230455399
1.6694568395614624
-1.0685755014419556
9.34803295135498
-1.8747859001159668
-8.416741371154785
-4.4895758628845215
-0.6769236922264099
5.100381374359131
-7.13038444519043
-4.786047458648682
0.6769236922264099
4.4895758628845215
2.9600331783294678
-0.2893878221511841
-5.798709869384766
-3.68157958984375
-0.8720804452896118
10.800222396850586
5.436286926269531
1.8747859001159668
2.083327531814575
6.633387565612793
-2.7332780361175537
7.70993185043335
0.09641475230455399
-3.433215379714966
-6.633387565612793
-3.1930480003356934
-2.2955591678619385
5.798709869384766
-5.436286926269531
-3.939380168914795
-1.266735553741455
1.0685755014419556
-2.9600331783294678
3.433215379714966
4.20810604095459
6.194471836090088
1.266735553741455
-9.34803295135498
-4.20810604095459
3.68157958984375
-1.466906189918518
-6.194471836090088
-1.6694568395614624
0.8720804452896118
3.939380168914795
-2.083327531814575
-2.5120112895965576
-5.100381374359131
1.466906189918518
7.13038444519043
-7.70993185043335
-10.800222396850586
4.786047458648682
3.1930480003356934
2.5120112895965576
