0.04251566529273987
0.09173079580068588
-0.47581881284713745
0.37076398730278015
0.17495273053646088
0.16776278614997864
-0.10957566648721695
-0.043492041528224945
-0.3637099266052246
-0.03059924580156803
-0.11619362980127335
0.0551348440349102
-0.10779106616973877
-0.015218892134726048
-0.19213248789310455
0.0949820801615715
-0.25013062357902527
0.40506231784820557
0.23178115487098694
-0.262722373008728
0.09591115266084671
0.26220476627349854
0.745469868183136
-0.1093926727771759
-0.03664341941475868
-0.05424683913588524
0.03129725903272629
-0.0935596153140068
-0.807976245880127
0.1421419382095337
0.14125418663024902
-0.012751782312989235
0.024267304688692093
-0.0716424435377121
0.1340838372707367
0.017902905121445656
-0.3806546628475189
0.898960292339325
-0.3140115737915039
-0.3208710551261902
-0.34352079033851624
-0.526439905166626
-0.5323309898376465
0.16208615899085999
-0.07848354429006577
0.08277220278978348
0.25852254033088684
-0.5697584748268127
-0.21024081110954285
0.1914217621088028
-0.20783017575740814
-1.6054054498672485
0.20489655435085297
-0.10255911201238632
-0.2944123148918152
-0.24680662155151367
0.2449859082698822
0.3006897270679474
0.6729552149772644
0.672528088092804
0.14764569699764252
0.12161343544721603
0.2389114797115326
0.024409493431448936
-0.18105216324329376
-0.4048442244529724
-0.06270598620176315
0.1315576136112213
-0.09351620823144913
-0.020709415897727013
0.44138264656066895
0.39677709341049194
0.3893681466579437
0.40831372141838074
-0.6149741411209106
0.15597303211688995
-0.1926850825548172
0.07103434205055237
-0.02443014271557331
-0.11780700832605362
0.3003309369087219
0.7028006911277771
0.41462722420692444
-0.4413977861404419
0.0472717322409153
0.14144288003444672
-0.05726132169365883
-0.058161649852991104
0.16120289266109467
-0.06962855160236359
0.09732682257890701
-0.100101038813591
0.006099566351622343
0.09961732476949692
0.3462688624858856
0.09967542439699173
0.07423833757638931
0.042979441583156586
0.13598155975341797
-0.03703455999493599
-0.370333731174469
-0.2752922773361206
-0.4383286237716675
0.015312565490603447
0.11583060771226883
-0.04889558628201485
-0.0294843427836895
-0.954343855381012
-0.11604984104633331
-0.09286753088235855
-0.2245224118232727
-0.04003796726465225
0.3510205149650574
0.6029350757598877
-0.0634525716304779
0.07028254866600037
-0.05066150426864624
-0.10950406640768051
0.5715103149414062
0.26771289110183716
-0.2178936004638672
-0.09370695054531097
-0.060575470328330994
-0.17323754727840424
0.19203464686870575
0.10307951271533966
0.34329482913017273
0.402872771024704
-0.09173079580068588
0.04251566529273987
-0.37076398730278015
-0.47581881284713745
-0.16776278614997864
0.17495273053646088
0.043492041528224945
-0.10957566648721695
0.03059924580156803
-0.3637099266052246
-0.0551348440349102
-0.11619362980127335
0.015218892134726048
-0.10779106616973877
-0.0949820801615715
-0.19213248789310455
-0.40506231784820557
-0.25013062357902527
0.262722373008728
0.23178115487098694
-0.26220476627349854
0.09591115266084671
0.1093926727771759
0.745469868183136
0.05424683913588524
-0.03664341941475868
0.0935596153140068
0.03129725903272629
-0.1421419382095337
-0.807976245880127
0.012751782312989235
0.14125418663024902
0.0716424435377121
0.024267304688692093
-0.017902905121445656
0.1340838372707367
-0.898960292339325
-0.3806546628475189
0.3208710551261902
-0.3140115737915039
0.526439905166626
-0.34352079033851624
-0.16208615899085999
-0.5323309898376465
-0.08277220278978348
-0.07848354429006577
0.5697584748268127
0.25852254033088684
-0.1914217621088028
-0.21024081110954285
1.6054054498672485
-0.20783017575740814
0.10255911201238632
0.20489655435085297
0.24680662155151367
-0.2944123148918152
-0.3006897270679474
0.2449859082698822
-0.672528088092804
0.6729552149772644
-0.12161343544721603
0.14764569699764252
-0.024409493431448936
0.2389114797115326
0.4048442244529724
-0.18105216324329376
-0.1315576136112213
-0.06270598620176315
0.020709415897727013
-0.09351620823144913
-0.39677709341049194
0.44138264656066895
-0.40831372141838074
0.3893681466579437
-0.15597303211688995
-0.6149741411209106
-0.07103434205055237
-0.1926850825548172
0.11780700832605362
-0.02443014271557331
-0.7028006911277771
0.3003309369087219
0.4413977861404419
0.41462722420692444
-0.14144288003444672
0.0472717322409153
0.058161649852991104
-0.05726132169365883
0.06962855160236359
0.16120289266109467
0.100101038813591
0.09732682257890701
-0.09961732476949692
0.006099566351622343
-0.09967542439699173
0.3462688624858856
-0.042979441583156586
0.07423833757638931
0.03703455999493599
0.13598155975341797
0.2752922773361206
-0.370333731174469
-0.015312565490603447
-0.4383286237716675
0.04889558628201485
0.11583060771226883
0.954343855381012
-0.0294843427836895
0.09286753088235855
-0.11604984104633331
0.04003796726465225
-0.2245224118232727
-0.6029350757598877
0.3510205149650574
-0.07028254866600037
-0.0634525716304779
0.10950406640768051
-0.05066150426864624
-0.26771289110183716
0.5715103149414062
0.09370695054531097
-0.2178936004638672
0.17323754727840424
-0.060575470328330994
-0.10307951271533966
0.19203464686870575
-0.402872771024704
0.34329482913017273
